header:
  seq: 0
  frame_id: velodyne128
  stamp:
    nsecs: 0
    secs: 0
child_frame_id: front_6mm_3
transform:
  rotation:
    w: 0.50562
    x: -0.86210
    y: -0.01569
    z: 0.02952
  translation:
    x: 0.0252
    y: 4.9127
    z: 0.8869
srcpoints:
  x:
    leftup: 648
    leftdown: 604
    rightup: 1288
    rightdown: 1330
  y:
    leftup: 394
    leftdown: 416
    rightup: 382
    rightdown: 403

dstpoints:
  x:
    leftup: 248
    leftdown: 248
    rightup: 664
    rightdown: 664
  y:
    leftup: 375
    leftdown: 425
    rightup: 375
    rightdown: 425
