header: 
  seq: 0
  stamp: 
    secs: 0
    nsecs: 0
  frame_id: front_6mm_2
height: 1080
width: 1920
distortion_model: plumb_bob
D: [0.157589, 1.165965, 0.015345, 0.000624, 0.000000]
K: [2000.0, 0.000000, 960.0, 0.000000, 2000.0, 540.0, 0.000000, 0.000000, 1.000000]
R: [1.0, 0.0, 0.0, 0.0, 1.0, 0.0, 0.0, 0.0, 1.0]
P:  [7132.898438, 0.000000, 887.299225, 0.000000, 0.000000, 7127.450684, 462.592921, 0.000000, 0.000000, 0.000000, 1.000000, 0.000000]
binning_x: 0
binning_y: 0
roi: 
  x_offset: 0
  y_offset: 0
  height: 0
  width: 0
  do_rectify: False
