header:
  seq: 0
  frame_id: velodyne128
  stamp:
    nsecs: 0
    secs: 0
child_frame_id: front_6mm_3
transform:
  rotation:
    w: -0.46030
    x: 0.88775
    y: -0.00334
    z: -0.00055
  translation:
    x: -0.007
    y: 4.9681
    z: 0.7793
srcpoints:
  x:
    leftup: 708 #679
    leftdown: 617 #640 
    rightup: 1428 #1329
    rightdown: 1597 #1381
  y:
    leftup: 496 #360
    leftdown: 622 #385
    rightup: 491 #341
    rightdown: 613 #367

dstpoints:
  x:
    leftup: 303 #199
    leftdown: 303 #199
    rightup: 530 #589
    rightdown: 530 #589
  y:
    leftup: 500 #355
    leftdown: 550 #405
    rightup: 500 #355
    rightdown: 550 #405
